# Time-averaged data for fix propavg
# TimeStep v_mu v_qM v_qH v_T v_P v_pemol
5000 2.47753 -1.17536 0.587681 298.963 1377.78 -1.72792
10000 2.47396 -1.17404 0.587021 297.431 952.728 -1.72885
15000 2.4636 -1.16891 0.584456 299.003 802.638 -1.72372
20000 2.45141 -1.16326 0.581628 298.141 238.255 -1.71948
25000 2.45428 -1.16446 0.582228 298.227 -3.6676 -1.72218
30000 2.46172 -1.16802 0.584012 299.597 664.596 -1.72345
35000 2.46429 -1.16938 0.584692 298.062 426.626 -1.72597
40000 2.45783 -1.16643 0.583213 297.987 396.189 -1.72277
