# Time-averaged data for fix propavg
# TimeStep v_mu v_qM v_qH v_T v_P v_pemol
5000 2.48647 -1.17987 0.589934 298.88 1201.74 -1.7338
10000 2.47283 -1.17314 0.586569 298.976 855.207 -1.72808
15000 2.4566 -1.16536 0.582679 297.451 537.668 -1.72086
20000 2.46149 -1.16757 0.583784 298.758 475.754 -1.72375
25000 2.46271 -1.16845 0.584225 298.915 528.83 -1.72435
30000 2.46186 -1.16798 0.583988 298.051 278.299 -1.72471
35000 2.46713 -1.17057 0.585285 298.188 716.56 -1.72609
40000 2.46724 -1.17065 0.585327 298.31 963.68 -1.72559
