# Time-averaged data for fix propavg
# TimeStep v_mu v_qM v_qH v_T v_P v_pemol
5000 2.35791 -1.11934 0.559671 297.318 1312 -1.66374
10000 2.33627 -1.10916 0.554578 298.346 -36.0811 -1.65937
15000 2.34286 -1.11235 0.556173 300.081 427.47 -1.66113
20000 2.34205 -1.11171 0.555853 299.249 476.401 -1.66038
25000 2.33607 -1.10911 0.554553 297.912 -237.595 -1.66043
30000 2.33472 -1.10849 0.554247 300.1 174.725 -1.65872
35000 2.33713 -1.10945 0.554725 298.794 243.872 -1.65906
40000 2.33703 -1.10963 0.554815 298.291 295.768 -1.65898
