# Time-averaged data for fix propavg
# TimeStep v_mu v_qM v_qH v_T v_P v_pemol
5000 2.35591 -1.1185 0.559248 298.262 1153.45 -1.66372
10000 2.33842 -1.11005 0.555023 298.586 202.348 -1.65935
15000 2.33772 -1.10973 0.554863 298.984 370.035 -1.65913
20000 2.33814 -1.11007 0.555034 300.15 29.1552 -1.66061
25000 2.34 -1.11081 0.555404 297.374 356.508 -1.65999
30000 2.3423 -1.11197 0.555984 297.44 502.129 -1.66087
35000 2.33692 -1.10945 0.554725 299.065 117.659 -1.65978
40000 2.34166 -1.11171 0.555857 298.991 386.19 -1.66122
