# Time-averaged data for fix rdfavg
# TimeStep Number-of-rows
# Row c_rdfOO[1] c_rdfOO[2] c_rdfOO[3]
15000 100
1 0.05 0 0
2 0.15 0 0
3 0.25 0 0
4 0.35 0 0
5 0.45 0 0
6 0.55 0 0
7 0.65 0 0
8 0.75 0 0
9 0.85 0 0
10 0.95 0 0
11 1.05 0 0
12 1.15 0 0
13 1.25 0 0
14 1.35 0 0
15 1.45 0 0
16 1.55 0 0
17 1.65 0 0
18 1.75 0 0
19 1.85 0 0
20 1.95 0 0
21 2.05 0 0
22 2.15 0 0
23 2.25 0 0
24 2.35 0 0
25 2.45 0 0
26 2.55 0.00114871 0.0003125
27 2.65 0.0582354 0.0174219
28 2.75 0.601521 0.207734
29 2.85 1.77051 0.809375
30 2.95 2.54649 1.73648
31 3.05 2.54647 2.7275
32 3.15 2.23586 3.65563
33 3.25 1.93792 4.51195
34 3.35 1.65938 5.29102
35 3.45 1.44911 6.01258
36 3.55 1.23333 6.66281
37 3.65 1.11454 7.28398
38 3.75 1.01698 7.88227
39 3.85 0.945817 8.46875
40 3.95 0.882497 9.04477
41 4.05 0.842873 9.62312
42 4.15 0.803937 10.2023
43 4.25 0.802222 10.8085
44 4.35 0.794089 11.4371
45 4.45 0.803504 12.1027
46 4.55 0.79275 12.7893
47 4.65 0.801429 13.5142
48 4.75 0.825402 14.2933
49 4.85 0.843958 15.1237
50 4.95 0.868359 16.0138
51 5.05 0.897215 16.971
52 5.15 0.933688 18.007
53 5.25 0.935793 19.0859
54 5.35 0.964559 20.2409
55 5.45 0.995382 21.4777
56 5.55 1.06952 22.8558
57 5.65 1.07435 24.2905
58 5.75 1.10419 25.8177
59 5.85 1.11751 27.4175
60 5.95 1.14689 29.116
61 6.05 1.13021 30.8466
62 6.15 1.11499 32.6107
63 6.25 1.08801 34.3886
64 6.35 1.08333 36.2159
65 6.45 1.05539 38.0527
66 6.55 1.02732 39.8964
67 6.65 1.00722 41.7597
68 6.75 0.9844 43.6359
69 6.85 0.989262 45.5777
70 6.95 0.976117 47.5501
71 7.05 0.972258 49.5716
72 7.15 0.966404 51.6383
73 7.25 0.940533 53.7063
74 7.35 0.954041 55.8623
75 7.45 0.963529 58.0995
76 7.55 0.970577 60.4138
77 7.65 0.962665 62.7705
78 7.75 0.965781 65.1971
79 7.85 0.981489 67.7272
80 7.95 0.976633 70.3093
81 8.05 0.994971 73.0065
82 8.15 0.991595 75.7617
83 8.25 1.01029 78.6382
84 8.35 1.00823 81.5788
85 8.45 1.01801 84.6195
86 8.55 1.02727 87.7609
87 8.65 1.03338 90.9954
88 8.75 1.02392 94.2748
89 8.85 1.02118 97.6205
90 8.95 1.02633 101.06
91 9.05 1.03143 104.593
92 9.15 1.02103 108.169
93 9.25 1.02798 111.849
94 9.35 1.02443 115.595
95 9.45 1.02148 119.411
96 9.55 1.02559 123.324
97 9.65 1.00836 127.252
98 9.75 1.00564 131.251
99 9.85 0.983995 135.245
100 9.95 0.995234 139.366
30000 100
1 0.05 0 0
2 0.15 0 0
3 0.25 0 0
4 0.35 0 0
5 0.45 0 0
6 0.55 0 0
7 0.65 0 0
8 0.75 0 0
9 0.85 0 0
10 0.95 0 0
11 1.05 0 0
12 1.15 0 0
13 1.25 0 0
14 1.35 0 0
15 1.45 0 0
16 1.55 0 0
17 1.65 0 0
18 1.75 0 0
19 1.85 0 0
20 1.95 0 0
21 2.05 0 0
22 2.15 0 0
23 2.25 0 0
24 2.35 0 0
25 2.45 0 0
26 2.55 0.000574355 0.00015625
27 2.65 0.0555763 0.0164844
28 2.75 0.547196 0.189609
29 2.85 1.69694 0.76625
30 2.95 2.4495 1.65805
31 3.05 2.56534 2.65641
32 3.15 2.32714 3.62242
33 3.25 2.03039 4.51961
34 3.35 1.77254 5.3518
35 3.45 1.48661 6.09203
36 3.55 1.31158 6.78352
37 3.65 1.15841 7.42914
38 3.75 1.01592 8.0268
39 3.85 0.945313 8.61297
40 3.95 0.878188 9.18617
41 4.05 0.824315 9.7518
42 4.15 0.78984 10.3209
43 4.25 0.781853 10.9116
44 4.35 0.785502 11.5334
45 4.45 0.767478 12.1692
46 4.55 0.778768 12.8437
47 4.65 0.777245 13.5467
48 4.75 0.788403 14.2909
49 4.85 0.796401 15.0745
50 4.95 0.822018 15.9171
51 5.05 0.858184 16.8327
52 5.15 0.898341 17.8294
53 5.25 0.936335 18.909
54 5.35 0.991441 20.0961
55 5.45 1.01387 21.3559
56 5.55 1.06454 22.7276
57 5.65 1.09453 24.1892
58 5.75 1.11955 25.7377
59 5.85 1.15642 27.3932
60 5.95 1.1576 29.1076
61 6.05 1.15628 30.878
62 6.15 1.11193 32.6373
63 6.25 1.1001 34.435
64 6.35 1.07703 36.2517
65 6.45 1.07002 38.1139
66 6.55 1.05697 40.0109
67 6.65 1.02221 41.9019
68 6.75 1.02695 43.8592
69 6.85 0.994476 45.8113
70 6.95 0.957095 47.7452
71 7.05 0.963352 49.7481
72 7.15 0.95497 51.7904
73 7.25 0.955349 53.891
74 7.35 0.941457 56.0186
75 7.45 0.934692 58.1887
76 7.55 0.943089 60.4376
77 7.65 0.948751 62.7602
78 7.75 0.957696 65.1665
79 7.85 0.975003 67.6798
80 7.95 0.979853 70.2705
81 8.05 0.98621 72.9439
82 8.15 0.996291 75.7122
83 8.25 0.998928 78.5563
84 8.35 1.00153 81.4774
85 8.45 1.03292 84.5627
86 8.55 1.0275 87.7048
87 8.65 1.02971 90.9277
88 8.75 1.03826 94.253
89 8.85 1.03399 97.6408
90 8.95 1.03143 101.097
91 9.05 1.0245 104.607
92 9.15 1.01898 108.176
93 9.25 1.02267 111.836
94 9.35 1.02587 115.588
95 9.45 1.02284 119.409
96 9.55 1.02281 123.311
97 9.65 1.01419 127.262
98 9.75 1.00157 131.245
99 9.85 0.985804 135.246
100 9.95 0.983632 139.319
