# Time-averaged data for fix rdfavg
# TimeStep Number-of-rows
# Row c_rdfOO[1] c_rdfOO[2] c_rdfOO[3]
15000 100
1 0.05 0 0
2 0.15 0 0
3 0.25 0 0
4 0.35 0 0
5 0.45 0 0
6 0.55 0 0
7 0.65 0 0
8 0.75 0 0
9 0.85 0 0
10 0.95 0 0
11 1.05 0 0
12 1.15 0 0
13 1.25 0 0
14 1.35 0 0
15 1.45 0 0
16 1.55 0 0
17 1.65 0 0
18 1.75 0 0
19 1.85 0 0
20 1.95 0 0
21 2.05 0 0
22 2.15 0 0
23 2.25 0 0
24 2.35 0 0
25 2.45 0 0
26 2.55 0.0246973 0.00671875
27 2.65 0.564006 0.172422
28 2.75 1.98087 0.799141
29 2.85 2.69543 1.71508
30 2.95 2.32718 2.56234
31 3.05 1.7742 3.25281
32 3.15 1.41341 3.83953
33 3.25 1.21374 4.37586
34 3.35 1.11774 4.90062
35 3.45 1.04086 5.41891
36 3.55 1.02306 5.95828
37 3.65 1.01431 6.52359
38 3.75 1.00742 7.11625
39 3.85 0.98878 7.72938
40 3.95 0.985673 8.37273
41 4.05 0.983713 9.04773
42 4.15 0.98383 9.75656
43 4.25 1.01387 10.5227
44 4.35 1.01654 11.3273
45 4.45 0.998532 12.1545
46 4.55 1.01935 13.0373
47 4.65 0.993257 13.9358
48 4.75 0.986725 14.8671
49 4.85 0.949314 15.8012
50 4.95 0.949532 16.7745
51 5.05 0.926068 17.7625
52 5.15 0.927985 18.7921
53 5.25 0.924749 19.8584
54 5.35 0.916928 20.9563
55 5.45 0.933701 22.1164
56 5.55 0.932613 23.3181
57 5.65 0.935756 24.5677
58 5.75 0.949189 25.8805
59 5.85 0.9598 27.2546
60 5.95 0.983938 28.7118
61 6.05 1.0049 30.2505
62 6.15 1.03707 31.8913
63 6.25 1.04995 33.607
64 6.35 1.06156 35.3977
65 6.45 1.06876 37.2577
66 6.55 1.07826 39.1928
67 6.65 1.06524 41.1634
68 6.75 1.06031 43.1844
69 6.85 1.06568 45.2762
70 6.95 1.05414 47.4062
71 7.05 1.04256 49.5738
72 7.15 1.03567 51.7887
73 7.25 1.02129 54.0343
74 7.35 1.01471 56.3274
75 7.45 0.989506 58.6248
76 7.55 0.984632 60.9727
77 7.65 0.958548 63.3194
78 7.75 0.965501 65.7452
79 7.85 0.953243 68.2025
80 7.95 0.957662 70.7345
81 8.05 0.961598 73.3412
82 8.15 0.978099 76.0589
83 8.25 0.979995 78.8491
84 8.35 1.00343 81.7758
85 8.45 0.997399 84.7549
86 8.55 0.988231 87.777
87 8.65 0.992421 90.8832
88 8.75 1.00377 94.098
89 8.85 1.00969 97.4062
90 8.95 1.01742 100.815
91 9.05 1.01189 104.282
92 9.15 1.01742 107.846
93 9.25 1.01927 111.494
94 9.35 1.02546 115.244
95 9.45 1.02069 119.057
96 9.55 1.0276 122.977
97 9.65 1.01439 126.929
98 9.75 1.02509 131.005
99 9.85 1.01543 135.127
100 9.95 1.01359 139.324
30000 100
1 0.05 0 0
2 0.15 0 0
3 0.25 0 0
4 0.35 0 0
5 0.45 0 0
6 0.55 0 0
7 0.65 0 0
8 0.75 0 0
9 0.85 0 0
10 0.95 0 0
11 1.05 0 0
12 1.15 0 0
13 1.25 0 0
14 1.35 0 0
15 1.45 0 0
16 1.55 0 0
17 1.65 0 0
18 1.75 0 0
19 1.85 0 0
20 1.95 0 0
21 2.05 0 0
22 2.15 0 0
23 2.25 0 0
24 2.35 0 0
25 2.45 0 0
26 2.55 0.0235486 0.00640625
27 2.65 0.522258 0.159844
28 2.75 2.0068 0.794766
29 2.85 2.70968 1.71555
30 2.95 2.29907 2.55258
31 3.05 1.77038 3.24156
32 3.15 1.40381 3.8243
33 3.25 1.25547 4.37906
34 3.35 1.10509 4.89789
35 3.45 1.06377 5.42758
36 3.55 1.02869 5.96992
37 3.65 1.00969 6.53266
38 3.75 1.02654 7.13656
39 3.85 0.99004 7.75047
40 3.95 0.988545 8.3957
41 4.05 0.972782 9.0632
42 4.15 0.974939 9.76562
43 4.25 0.983779 10.509
44 4.35 0.993252 11.2952
45 4.45 0.977408 12.1049
46 4.55 0.995538 12.9671
47 4.65 1.01105 13.8816
48 4.75 0.990532 14.8166
49 4.85 0.979881 15.7808
50 4.95 0.974913 16.7801
51 5.05 0.966198 17.8109
52 5.15 0.939322 18.853
53 5.25 0.939994 19.9369
54 5.35 0.919343 21.0377
55 5.45 0.9293 22.1923
56 5.55 0.933644 23.3954
57 5.65 0.933708 24.6423
58 5.75 0.916314 25.9096
59 5.85 0.941682 27.2577
60 5.95 0.97919 28.7079
61 6.05 0.986887 30.219
62 6.15 0.999099 31.7998
63 6.25 1.00917 33.4488
64 6.35 1.02692 35.181
65 6.45 1.06513 37.0347
66 6.55 1.08274 38.9779
67 6.65 1.07698 40.9702
68 6.75 1.09741 43.0619
69 6.85 1.08415 45.1899
70 6.95 1.06458 47.341
71 7.05 1.0538 49.532
72 7.15 1.04933 51.7761
73 7.25 1.04951 54.0838
74 7.35 1.01215 56.3711
75 7.45 0.990448 58.6707
76 7.55 0.998786 61.0523
77 7.65 0.972015 63.432
78 7.75 0.976073 65.8844
79 7.85 0.962395 68.3652
80 7.95 0.966704 70.9211
81 8.05 0.955228 73.5105
82 8.15 0.969973 76.2057
83 8.25 0.965178 78.9537
84 8.35 0.959342 81.7518
85 8.45 0.960938 84.622
86 8.55 0.982457 87.6264
87 8.65 0.995142 90.7412
88 8.75 1.00131 93.9481
89 8.85 1.01343 97.2685
90 8.95 1.02066 100.689
91 9.05 1.02197 104.19
92 9.15 1.03083 107.8
93 9.25 1.00737 111.406
94 9.35 1.01454 115.116
95 9.45 1.02443 118.943
96 9.55 1.02711 122.862
97 9.65 1.01977 126.834
98 9.75 1.01371 130.865
99 9.85 1.00808 134.957
100 9.95 1.00993 139.139
