# Time-averaged data for fix rdfavg
# TimeStep Number-of-rows
# Row c_rdfOO[1] c_rdfOO[2] c_rdfOO[3]
15000 100
1 0.05 0 0
2 0.15 0 0
3 0.25 0 0
4 0.35 0 0
5 0.45 0 0
6 0.55 0 0
7 0.65 0 0
8 0.75 0 0
9 0.85 0 0
10 0.95 0 0
11 1.05 0 0
12 1.15 0 0
13 1.25 0 0
14 1.35 0 0
15 1.45 0 0
16 1.55 0 0
17 1.65 0 0
18 1.75 0 0
19 1.85 0 0
20 1.95 0 0
21 2.05 0 0
22 2.15 0 0
23 2.25 0 0
24 2.35 0 0
25 2.45 0 0
26 2.55 0.000574355 0.00015625
27 2.65 0.0550445 0.0163281
28 2.75 0.571642 0.197187
29 2.85 1.70522 0.776641
30 2.95 2.50894 1.69008
31 3.05 2.59726 2.70086
32 3.15 2.30004 3.65563
33 3.25 1.92784 4.5075
34 3.35 1.69683 5.30414
35 3.45 1.47735 6.03977
36 3.55 1.32402 6.73781
37 3.65 1.14215 7.37437
38 3.75 1.02137 7.97523
39 3.85 0.949093 8.56375
40 3.95 0.900691 9.15164
41 4.05 0.848338 9.73375
42 4.15 0.808166 10.316
43 4.25 0.784645 10.9089
44 4.35 0.777607 11.5245
45 4.45 0.766818 12.1597
46 4.55 0.766049 12.8231
47 4.65 0.794088 13.5414
48 4.75 0.79668 14.2934
49 4.85 0.810375 15.0908
50 4.95 0.825906 15.9373
51 5.05 0.879127 16.8752
52 5.15 0.906861 17.8814
53 5.25 0.927324 18.9506
54 5.35 0.998488 20.1462
55 5.45 1.02814 21.4237
56 5.55 1.05575 22.7841
57 5.65 1.09342 24.2442
58 5.75 1.12582 25.8013
59 5.85 1.15522 27.4552
60 5.95 1.13476 29.1357
61 6.05 1.13924 30.8801
62 6.15 1.12432 32.659
63 6.25 1.09298 34.445
64 6.35 1.06897 36.2481
65 6.45 1.04282 38.063
66 6.55 1.03137 39.914
67 6.65 1.00038 41.7646
68 6.75 0.994115 43.6594
69 6.85 0.976884 45.5769
70 6.95 0.967805 47.5324
71 7.05 0.976992 49.5637
72 7.15 0.951572 51.5988
73 7.25 0.949806 53.6872
74 7.35 0.97627 55.8934
75 7.45 0.957236 58.1159
76 7.55 0.949346 60.3797
77 7.65 0.967165 62.7474
78 7.75 0.970103 65.1848
79 7.85 0.963244 67.6679
80 7.95 0.963188 70.2145
81 8.05 0.980647 72.8728
82 8.15 1.00056 75.653
83 8.25 1.01402 78.5401
84 8.35 1.01966 81.5141
85 8.45 1.03577 84.6078
86 8.55 1.04847 87.8141
87 8.65 1.04616 91.0885
88 8.75 1.03929 94.4171
89 8.85 1.04247 97.8327
90 8.95 1.01971 101.25
91 9.05 1.0113 104.714
92 9.15 1.01305 108.262
93 9.25 1.0235 111.926
94 9.35 1.00053 115.585
95 9.45 1.00356 119.334
96 9.55 0.99244 123.12
97 9.65 0.999915 127.015
98 9.75 0.99057 130.954
99 9.85 0.991117 134.977
100 9.95 0.991404 139.083
30000 100
1 0.05 0 0
2 0.15 0 0
3 0.25 0 0
4 0.35 0 0
5 0.45 0 0
6 0.55 0 0
7 0.65 0 0
8 0.75 0 0
9 0.85 0 0
10 0.95 0 0
11 1.05 0 0
12 1.15 0 0
13 1.25 0 0
14 1.35 0 0
15 1.45 0 0
16 1.55 0 0
17 1.65 0 0
18 1.75 0 0
19 1.85 0 0
20 1.95 0 0
21 2.05 0 0
22 2.15 0 0
23 2.25 0 0
24 2.35 0 0
25 2.45 0 0
26 2.55 0 0
27 2.65 0.0624901 0.0183594
28 2.75 0.583742 0.203047
29 2.85 1.76799 0.803828
30 2.95 2.54778 1.73141
31 3.05 2.57859 2.73492
32 3.15 2.24565 3.66711
33 3.25 1.94941 4.52852
34 3.35 1.65073 5.30352
35 3.45 1.46888 6.03492
36 3.55 1.31365 6.7275
37 3.65 1.16318 7.37578
38 3.75 1.03544 7.98492
39 3.85 0.940903 8.56836
40 3.95 0.892073 9.15062
41 4.05 0.833195 9.72234
42 4.15 0.798624 10.2977
43 4.25 0.768102 10.8781
44 4.35 0.756486 11.477
45 4.45 0.751917 12.0998
46 4.55 0.747826 12.7475
47 4.65 0.763426 13.438
48 4.75 0.792128 14.1857
49 4.85 0.812359 14.9851
50 4.95 0.868283 15.8751
51 5.05 0.905124 16.8407
52 5.15 0.95094 17.8958
53 5.25 0.978684 19.0242
54 5.35 1.00416 20.2266
55 5.45 1.04097 21.52
56 5.55 1.06224 22.8888
57 5.65 1.08236 24.3341
58 5.75 1.1078 25.8663
59 5.85 1.12717 27.48
60 5.95 1.13122 29.1553
61 6.05 1.12358 30.8757
62 6.15 1.11212 32.6353
63 6.25 1.09504 34.4247
64 6.35 1.08537 36.2555
65 6.45 1.07393 38.1245
66 6.55 1.05087 40.0105
67 6.65 1.02588 41.9083
68 6.75 0.993008 43.8009
69 6.85 0.963431 45.692
70 6.95 0.939386 47.5902
71 7.05 0.94216 49.5491
72 7.15 0.95486 51.5911
73 7.25 0.927493 53.6305
74 7.35 0.946608 55.7697
75 7.45 0.949531 57.9743
76 7.55 0.961633 60.2673
77 7.65 0.981047 62.6691
78 7.75 0.968144 65.1016
79 7.85 0.980519 67.6291
80 7.95 0.987979 70.2412
81 8.05 0.989553 72.9237
82 8.15 1.00208 75.7081
83 8.25 1.011 78.5866
84 8.35 1.03528 81.6062
85 8.45 1.03425 84.6954
86 8.55 1.04083 87.8783
87 8.65 1.04039 91.1347
88 8.75 1.034 94.4463
89 8.85 1.03694 97.8438
90 8.95 1.02553 101.28
91 9.05 1.01401 104.754
92 9.15 1.0151 108.309
93 9.25 1.01283 111.935
94 9.35 1.00202 115.599
95 9.45 0.99444 119.314
96 9.55 0.998603 123.124
97 9.65 0.998009 127.012
98 9.75 0.992181 130.957
99 9.85 0.98846 134.969
100 9.95 1.00078 139.114
