# Time-averaged data for fix rdfavg
# TimeStep Number-of-rows
# Row c_rdfOO[1] c_rdfOO[2] c_rdfOO[3]
15000 100
1 0.05 0 0
2 0.15 0 0
3 0.25 0 0
4 0.35 0 0
5 0.45 0 0
6 0.55 0 0
7 0.65 0 0
8 0.75 0 0
9 0.85 0 0
10 0.95 0 0
11 1.05 0 0
12 1.15 0 0
13 1.25 0 0
14 1.35 0 0
15 1.45 0 0
16 1.55 0 0
17 1.65 0 0
18 1.75 0 0
19 1.85 0 0
20 1.95 0 0
21 2.05 0 0
22 2.15 0 0
23 2.25 0 0
24 2.35 0 0
25 2.45 0 0
26 2.55 0.0284306 0.00773437
27 2.65 0.516939 0.159609
28 2.75 1.88284 0.755313
29 2.85 2.66048 1.65938
30 2.95 2.34263 2.51227
31 3.05 1.80792 3.21586
32 3.15 1.39459 3.79477
33 3.25 1.24981 4.34703
34 3.35 1.14536 4.88477
35 3.45 1.09515 5.43008
36 3.55 1.04766 5.98242
37 3.65 1.02735 6.555
38 3.75 0.996399 7.14117
39 3.85 0.999615 7.76102
40 3.95 0.965325 8.39109
41 4.05 0.990658 9.07086
42 4.15 0.992722 9.78609
43 4.25 1.00456 10.5452
44 4.35 1.00016 11.3369
45 4.45 1.01324 12.1762
46 4.55 0.981917 13.0266
47 4.65 0.980561 13.9136
48 4.75 0.962555 14.8221
49 4.85 0.958603 15.7654
50 4.95 0.938785 16.7277
51 5.05 0.936393 17.7266
52 5.15 0.931294 18.7599
53 5.25 0.908487 19.8074
54 5.35 0.923975 20.9138
55 5.45 0.932066 22.0719
56 5.55 0.939161 23.282
57 5.65 0.972788 24.5811
58 5.75 0.978336 25.9342
59 5.85 0.987358 27.3477
60 5.95 0.985099 28.8066
61 6.05 0.992958 30.327
62 6.15 1.00418 31.9159
63 6.25 1.04197 33.6185
64 6.35 1.07041 35.4241
65 6.45 1.06966 37.2856
66 6.55 1.0443 39.1598
67 6.65 1.05177 41.1055
68 6.75 1.03691 43.0819
69 6.85 1.02668 45.0971
70 6.95 1.04614 47.2109
71 7.05 1.04891 49.3918
72 7.15 1.03388 51.6028
73 7.25 1.02396 53.8543
74 7.35 1.02038 56.1602
75 7.45 1.00293 58.4888
76 7.55 0.997869 60.8683
77 7.65 0.984844 63.2793
78 7.75 0.980582 65.743
79 7.85 0.98461 68.2812
80 7.95 0.962035 70.8247
81 8.05 0.982924 73.4892
82 8.15 0.969861 76.1841
83 8.25 0.976318 78.9638
84 8.35 0.999414 81.8787
85 8.45 0.995804 84.8531
86 8.55 0.989687 87.8796
87 8.65 0.993769 90.9901
88 8.75 0.994333 94.1747
89 8.85 1.01379 97.4963
90 8.95 1.01467 100.896
91 9.05 1.02765 104.417
92 9.15 1.02587 108.01
93 9.25 1.00639 111.612
94 9.35 1.01719 115.332
95 9.45 1.01504 119.124
96 9.55 1.0078 122.969
97 9.65 1.00473 126.883
98 9.75 0.98611 130.804
99 9.85 0.993908 134.838
100 9.95 0.997799 138.97
30000 100
1 0.05 0 0
2 0.15 0 0
3 0.25 0 0
4 0.35 0 0
5 0.45 0 0
6 0.55 0 0
7 0.65 0 0
8 0.75 0 0
9 0.85 0 0
10 0.95 0 0
11 1.05 0 0
12 1.15 0 0
13 1.25 0 0
14 1.35 0 0
15 1.45 0 0
16 1.55 0 0
17 1.65 0 0
18 1.75 0 0
19 1.85 0 0
20 1.95 0 0
21 2.05 0 0
22 2.15 0 0
23 2.25 0 0
24 2.35 0 0
25 2.45 0.000311096 7.8125e-05
26 2.55 0.0287178 0.00789063
27 2.65 0.528905 0.163281
28 2.75 1.91 0.767578
29 2.85 2.71451 1.69
30 2.95 2.32911 2.53797
31 3.05 1.77119 3.22727
32 3.15 1.41115 3.81305
33 3.25 1.23266 4.35773
34 3.35 1.11025 4.87898
35 3.45 1.07099 5.41227
36 3.55 1.02277 5.95148
37 3.65 1.01894 6.51938
38 3.75 1.00888 7.11289
39 3.85 0.983362 7.72266
40 3.95 0.978491 8.36133
41 4.05 0.979158 9.0332
42 4.15 0.972228 9.73367
43 4.25 1.0332 10.5144
44 4.35 1.02503 11.3258
45 4.45 0.991365 12.147
46 4.55 0.989404 13.0039
47 4.65 0.996194 13.905
48 4.75 1.0099 14.8582
49 4.85 0.987185 15.8296
50 4.95 0.969044 16.8229
51 5.05 0.963049 17.8503
52 5.15 0.924183 18.8757
53 5.25 0.914992 19.9307
54 5.35 0.932066 21.0467
55 5.45 0.927916 22.1997
56 5.55 0.934978 23.4045
57 5.65 0.929145 24.6452
58 5.75 0.941281 25.9471
59 5.85 0.932296 27.2818
60 5.95 0.940365 28.6745
61 6.05 0.951426 30.1313
62 6.15 0.997223 31.7091
63 6.25 1.02739 33.3879
64 6.35 1.04086 35.1436
65 6.45 1.06414 36.9955
66 6.55 1.07656 38.9277
67 6.65 1.08366 40.9323
68 6.75 1.08478 42.9999
69 6.85 1.08542 45.1305
70 6.95 1.0836 47.32
71 7.05 1.09434 49.5953
72 7.15 1.07008 51.8837
73 7.25 1.03178 54.1524
74 7.35 1.00168 56.4161
75 7.45 1.00209 58.7427
76 7.55 0.986041 61.094
77 7.65 0.982259 63.4987
78 7.75 0.972404 65.9419
79 7.85 0.970336 68.4432
80 7.95 0.9683 71.0033
81 8.05 0.952663 73.5858
82 8.15 0.961482 76.2573
83 8.25 0.971599 79.0237
84 8.35 0.967753 81.8462
85 8.45 0.966588 84.7334
86 8.55 0.968559 87.6952
87 8.65 0.984284 90.776
88 8.75 0.999456 93.977
89 8.85 1.00482 97.2692
90 8.95 1.00733 100.645
91 9.05 1.01205 104.112
92 9.15 1.01501 107.667
93 9.25 1.01811 111.311
94 9.35 1.01544 115.024
95 9.45 1.01358 118.811
96 9.55 1.01494 122.683
97 9.65 1.02258 126.666
98 9.75 1.03344 130.776
99 9.85 1.03212 134.965
100 9.95 1.01768 139.18
