1.0e-1 2 2.715739812 6.66e-02 0.33957131 36x36x36
1.0e-2 5 2.798166254 5.06e-03 0.33957131 36x36x36
1.0e-3 8 2.798719915 5.09e-04 0.33957131 36x36x36
1.0e-4 11 2.798709480 5.40e-05 0.33957131 36x36x36
1.0e-5 13 2.798710246 8.90e-06 0.33957131 36x36x36
1.0e-6 16 2.798710179 8.91e-07 0.33957131 36x36x36
1.0e-7 19 2.798710187 8.76e-08 0.33957131 36x36x36
1.0e-8 22 2.798710187 8.92e-09 0.33957131 36x36x36
1.0e-9 25 2.798710187 7.16e-10 0.33957131 36x36x36
1.0e-10 28 2.798710187 5.33e-11 0.33957131 36x36x36
1.0e-11 31 2.798710187 3.55e-12 0.33957131 36x36x36
